724 4
399 318 940476803
266 318 28384604
246 266 -503626471
515 399 -546535150
515 336 589680141
500 266 711452759
246 331 163075288
515 451 -204554515
336 495 -58327532
355 495 836926958
522 495 -533368645
423 451 270415612
423 384 485900355
384 145 812712479
355 564 632496218
647 384 -627024807
564 323 -355110127
214 647 518542263
388 564 -30606003
214 41 -81863214
253 388 -251325223
517 399 -127808040
230 41 395297619
41 300 614751909
40 517 415233657
116 451 366709980
144 318 545889132
144 329 62988942
144 170 -10479374
399 637 455294962
329 542 134719257
329 438 -637500625
271 542 -377465301
494 438 -193985536
438 390 262116037
438 306 -566247143
513 495 -429086427
494 565 549858609
603 390 352380277
641 306 593692990
306 561 707999019
561 540 -134878699
540 596 -527587162
687 540 298749894
518 641 -235477820
406 518 -557807075
596 473 -428367220
238 687 156210606
675 515 -413306238
238 224 297443786
675 317 -318378231
241 246 -121425768
224 22 -453660728
430 22 675283586
601 241 939094706
338 22 758982072
362 430 -533608122
495 5 -295653354
311 5 -568990600
311 485 340707512
485 580 -697306230
5 129 939962956
399 176 -608891132
442 485 -516843489
424 580 538017091
129 228 345513154
228 496 -122752681
424 148 -683203894
424 514 989112031
463 424 -329927598
29 496 -583995522
148 533 797330984
690 29 -447295272
73 318 -483492144
73 239 -390462623
575 73 -436320375
246 164 -344201296
584 239 87381133
662 584 274234244
662 162 976715786
662 42 -482956120
143 162 -137893660
646 162 182481664
162 380 -507751598
646 619 435228872
696 380 -70953500
474 451 513617821
655 696 188291060
694 474 -336840646
696 348 131062220
348 291 745135737
291 417 247406194
724 655 552425230
246 134 847363452
491 417 -612056032
134 574 -255991430
30 574 -601240642
246 84 -576137640
592 30 924934788
10 592 -604165320
49 10 -278805338
10 626 617222787
318 3 -471638140
626 369 331785882
229 10 956287818
331 309 729958836
75 369 39607614
3 198 298378857
229 135 9034189
179 229 681809625
75 717 914319448
107 266 -219744908
717 161 372079488
503 246 -128320901
576 451 337574361
645 500 -548625387
254 645 298196980
273 576 -241250460
391 254 -486803817
645 631 672387248
337 391 -75994532
153 451 309169741
295 273 826567063
133 631 62130585
153 242 939642369
615 331 433332284
526 133 282016181
697 295 778481022
212 697 933509324
212 172 249116112
336 710 69359746
112 526 -36473159
595 697 -308551528
720 212 -535242505
559 331 64288931
577 559 856303208
251 559 -319612303
265 559 -462250201
251 392 -519739305
680 495 61816826
251 516 -401689525
568 516 -417093468
516 663 329506016
658 266 552876849
663 308 919335292
303 568 843476717
500 140 639922589
200 663 639676455
266 389 -419015998
597 303 -416051821
318 261 -452439920
389 366 760221329
548 200 -467741543
294 389 -232584261
136 500 -401829153
136 521 694795598
136 556 -507889241
548 53 -349902128
521 78 -682667066
110 53 -603110053
9 110 -253622532
9 660 884948948
110 409 816018199
581 409 -32646112
398 336 237240260
9 636 557313254
660 245 287965823
102 399 -145477334
276 451 -553553771
318 640 -425938406
276 612 816265358
156 640 911540893
447 276 347420220
612 673 487766093
156 249 -292851827
39 612 493046835
207 447 -597877473
515 319 -133823477
185 319 99017654
319 629 52862212
629 95 -344513673
319 419 -404176587
293 319 -573398258
629 11 -82720052
449 629 283364308
95 609 195731321
160 609 43919972
320 399 -607325360
11 327 419780898
449 168 -632681628
487 168 774636544
487 250 845958271
676 327 709075499
676 6 190038933
652 487 732941449
103 6 -279503113
250 642 498967918
79 6 -684901008
246 555 -501152572
652 672 590119195
429 555 797620360
429 691 521275387
527 555 989077362
358 555 727067298
429 566 132917291
669 566 30151778
358 387 -215737880
105 358 331221803
600 105 753904448
278 600 366049035
495 624 396522829
139 500 684081474
105 186 -634067249
236 186 -648235409
139 92 762994964
523 92 705676211
236 445 -266895996
704 92 38537274
704 50 267669899
445 26 492496320
679 26 128522607
50 74 -613951234
590 26 462642217
661 399 353989315
500 651 -220520718
721 661 489408289
74 407 -236093604
661 45 32289
45 401 -497854786
721 231 454988005
721 420 297888423
505 420 809683810
401 307 -91836020
500 222 396529556
420 183 -277107265
331 685 -218693363
183 425 953307573
701 685 -170696694
21 183 359563017
282 701 258950203
701 138 963554541
21 31 -490675825
138 340 -617488061
336 34 -162467890
395 138 934314068
31 572 640221896
395 2 311721974
34 220 -544941944
520 246 -446784229
395 368 409175927
368 475 137520363
246 686 -209926500
54 520 -342753108
657 54 98645498
472 399 -102155353
713 657 -365624537
23 713 439137054
35 713 713253114
88 472 -218136959
399 458 -299175111
418 35 -82094006
35 301 496770226
106 88 -84932982
266 504 215811052
504 507 814771750
480 507 922330909
301 404 -472107434
504 223 249992891
404 126 740961849
480 283 832195285
126 396 -163525511
396 695 145235643
126 302 894554545
695 354 -64421885
283 132 -84900802
100 396 477416646
302 436 110017272
331 51 514797451
100 510 -414580472
60 510 459071412
529 331 328319931
529 210 -125197536
277 210 712603394
444 60 773679671
77 529 -54835016
7 277 -193935277
339 210 -667678885
158 7 778007818
451 466 860408543
618 158 529306887
618 498 349371415
289 466 875383876
240 158 760338670
599 515 -154727420
289 683 -451827680
69 683 354290886
379 69 -119000600
196 599 -127902125
69 215 560993257
379 137 640524054
219 515 -329651220
215 91 -325040627
477 451 476870762
477 272 842483690
137 59 -104149633
91 719 -602091493
101 91 269240309
59 352 608940770
101 628 -352757137
405 331 717665421
58 266 695820194
711 266 803855283
58 182 477882347
711 330 343910979
221 711 332294142
671 246 -141617152
325 182 935120272
182 459 563711554
620 330 288060319
620 20 261801753
325 700 343248683
648 700 -558188077
611 20 372222688
296 495 -42913358
90 296 339373411
55 296 -506852112
90 194 943802046
296 677 -449757635
194 587 -557575644
361 90 453609399
677 644 -64830030
699 194 -296971409
699 83 -597697479
699 199 -84099969
699 365 -355465084
266 175 494315800
674 83 -365157979
336 202 -630783524
579 365 62442692
274 175 -337000685
386 202 -130614293
446 266 911535606
579 343 -590114295
56 331 340553623
56 130 131402786
582 130 -270487124
451 235 -423361491
130 189 -205664482
66 235 -522288831
197 582 -232459324
500 571 940995384
509 266 892031762
515 456 660597145
456 684 30788194
195 571 -612492424
12 495 -564551274
456 716 -507462444
12 37 239533494
195 287 -97368318
195 113 105685829
37 243 311074896
515 211 -565355745
104 318 247535072
313 500 -381266332
113 723 346640736
8 723 -475222444
313 573 -101250576
104 280 -385752938
8 630 495215078
412 336 -86319766
554 630 693650354
124 412 -566223884
412 594 108722991
27 412 246013757
270 124 -678059385
698 500 -232661358
124 586 319788089
586 372 604936392
375 246 -21946000
38 399 -319693177
290 586 -206843225
174 372 -208766536
290 86 235937295
70 500 -528546201
492 70 -468395057
248 86 -160491881
349 70 590790048
705 349 496288426
246 259 360321023
546 515 -271651658
18 546 477587625
266 666 270098624
493 18 -371777523
209 495 -103745308
18 118 -294258582
312 18 111266517
108 666 182655091
411 118 747811540
411 708 -133027504
118 588 -352856881
588 68 235436686
324 708 409668395
119 588 144780043
234 336 -241124964
519 234 -564941269
331 688 633100985
119 262 467295489
234 560 595623997
262 304 367515295
497 304 655879439
632 688 394191913
632 402 653766493
350 497 63218197
632 43 800845744
63 402 904793866
63 360 763698260
360 440 946671408
360 376 -660954980
360 335 862381342
376 252 802345379
461 399 318357779
440 191 548999182
709 461 -678479637
515 225 -266393912
461 553 -20384946
461 351 -49368844
499 553 407497390
500 722 517545639
310 225 515898720
233 310 547147189
706 499 6025248
310 530 -248394608
173 530 245315746
285 706 207931352
246 622 108603539
147 530 246876075
530 206 563543000
147 413 -422064503
437 206 535525919
437 638 726332490
109 437 856766939
109 478 362524274
399 268 121976577
268 569 -113825603
569 428 962711325
128 109 531886433
128 151 -268806794
264 128 431682185
454 264 895545326
232 454 895066633
246 122 864290138
322 122 339410646
264 415 -632938431
346 266 372120436
208 415 648235690
549 322 -316511007
433 549 561612390
346 381 960936940
346 96 -657211752
403 549 -346988633
62 403 -257312528
408 433 -521910680
381 367 -90051183
598 367 473528854
598 490 -661099125
353 598 -484268861
490 682 811620084
598 57 728081749
318 364 -10686121
57 67 538297749
353 188 586528875
188 315 320302059
455 364 763071425
315 489 -32616461
359 489 221880671
188 656 -375666352
127 315 427920214
25 359 121868712
489 263 -360718520
25 17 332219724
605 25 847753610
495 383 -295878996
539 605 195529517
17 544 764583403
383 284 424923041
422 605 777758737
692 336 82684841
532 544 -632494575
544 393 -645508503
502 451 302351129
502 204 -190248537
703 393 135178014
703 44 940769539
558 44 -40205621
326 558 -169361662
495 281 464675439
44 471 212525552
44 479 609240795
471 625 502531559
625 639 289986142
667 479 -329575568
373 471 456525088
370 373 564087958
625 98 406917953
154 373 -157897644
155 370 723426081
373 32 354050327
443 370 313635295
32 14 773479100
525 443 703757396
155 483 807011502
121 14 -563133882
457 483 -85035528
457 65 906553718
476 525 483185649
410 457 283266004
457 257 388125494
246 678 -461497791
94 65 -230525489
476 524 -99235437
257 99 965642507
524 613 532399861
613 547 817483389
266 19 -84125583
524 714 614592441
266 670 -556866464
670 467 -571960999
547 123 934845426
19 377 -140781464
377 192 84754100
534 123 -309801272
534 48 -418405363
468 48 563633753
534 653 -290457694
115 399 806647113
187 115 -581425560
266 668 480830636
131 668 -45785497
131 328 591622795
131 201 -591848625
328 550 430990209
13 668 -473755717
610 550 891379073
341 201 881091262
610 47 413294845
606 610 -376903198
643 266 -415326833
634 606 -112804045
634 659 308964854
47 537 13614459
608 634 67341414
604 537 680414987
715 537 -292489098
537 607 90935528
157 604 -278277320
500 593 823872088
607 82 -691785703
82 707 240278381
707 543 -568366031
515 180 799836637
416 266 -579837487
193 180 -469713861
707 334 857529587
552 193 -541155663
193 400 -409852495
193 712 -112623168
552 394 553938253
621 394 217448594
712 374 378993469
400 635 211090104
712 64 276100289
421 64 906278739
621 165 883853958
591 421 943377367
244 500 473778148
551 515 713960138
244 87 -187989430
464 500 279529233
244 269 -496594020
464 288 417890616
512 551 394806658
464 506 100766919
288 226 -428666165
269 299 832320793
177 299 -191027755
299 237 -496773730
589 318 -103391313
203 177 158835232
511 237 768076085
589 297 -463784636
314 511 338843929
61 266 14430
336 482 579948547
314 616 -538667207
266 585 152429578
482 426 785120161
61 434 367471463
482 152 -410936324
15 616 -14817801
426 81 461249404
81 450 385621143
36 81 -24612645
15 292 300944332
331 146 279984531
633 495 606504553
633 4 594791906
515 166 117508616
150 146 134424649
125 146 41496533
486 500 -101526526
246 216 -29303612
627 150 -585174595
216 538 -221893766
169 627 326214848
97 169 -131419379
205 538 140447387
169 260 157417174
205 432 230035864
357 260 -140756735
432 247 -694939074
435 432 44160579
435 623 -183748701
614 515 -598263286
481 435 -631635474
623 469 633288410
181 623 972356693
469 190 28176889
567 481 581759155
190 462 592387908
111 469 779909944
718 495 -602334896
567 578 873336337
255 111 535207370
578 452 -690012848
470 452 910142784
583 255 185163403
470 453 -252201487
583 385 783035055
563 583 928613930
563 72 -76305035
563 528 90247342
528 557 -246190075
545 528 164881207
460 72 640111160
515 441 71046606
460 508 655653926
545 305 526237520
508 16 57955893
508 665 727748212
681 305 983167895
331 664 96391041
24 16 13819525
363 665 -581344116
665 159 578674818
267 24 224006994
431 24 -137118195
431 382 227224074
142 266 182268649
93 142 372503804
414 267 433436208
318 28 587558504
316 414 507039111
246 52 943958055
28 167 -251751620
71 28 711106880
356 316 156767924
333 515 -533606367
321 167 -256168371
321 149 975541679
120 321 736763539
85 321 -323999910
347 321 909973625
149 488 -694845042
347 702 289480797
347 693 599782416
488 617 -453120957
347 649 -581723772
439 693 -536184175
397 649 670394982
246 80 176986158
397 501 222763882
80 427 -178845065
399 89 721555927
541 397 427834337
80 76 -614939767
256 541 980827664
76 298 -56135063
331 531 828267851
541 344 -497616974
76 602 -552491371
689 344 -533695486
570 344 79866723
218 689 -586446781
602 448 283345984
227 570 772894228
484 689 121381767
217 515 808682342
258 484 115813972
650 258 -112684358
33 650 -638764617
286 500 531947575
213 258 570510997
1 650 76115093
33 114 168409132
213 163 -51449443
371 163 -218366604
163 184 931321115
163 171 842121505
184 378 787671949
345 378 913714033
141 378 320000774
117 451 597097374
141 342 274071287
500 654 -36959861
345 46 54421907
465 342 761168132
178 465 -12369748
279 46 -277904770
46 275 627161721
562 465 -587462306
266 535 762844220
332 535 917997125
332 536 362273076
