37 3
7 28 339893622
35 7 921611193
34 28 -161588139
14 7 -516471327
14 25 936318453
23 25 791715726
4 23 787619977
21 23 968024256
14 30 -171448452
21 20 -495348755
19 21 35760047
2 30 468547173
4 22 -161984748
11 22 -383077405
19 33 -71385239
19 31 842455862
17 11 458847936
17 24 865207174
15 25 656536075
29 24 -501649852
24 37 -223784859
37 18 -235488813
32 29 29584559
12 37 152914602
9 37 772887205
18 8 472504285
8 6 256754352
32 27 -508820608
13 35 -333771043
8 36 467370708
26 36 -115506215
5 6 583355842
10 27 366671373
10 16 -170911489
3 5 545067946
3 1 -513795559
