493 4
343 31 146977830
31 487 947304925
31 433 891977975
203 487 195885413
31 408 -654911441
433 398 80441151
408 30 319452314
433 206 -288598693
408 267 482715203
366 206 -294697891
206 351 524337969
383 351 28627284
193 351 -419853743
8 351 218369021
30 188 -554596835
266 188 -556954695
409 8 -153314451
193 259 566520263
53 409 992731096
202 409 32516217
475 53 367981250
475 485 898182143
222 259 942557451
322 267 830202840
76 322 862222379
108 222 832697503
108 50 -668246772
50 331 -69971941
50 452 -682276671
331 89 886559806
195 108 -595225571
195 205 -131414888
433 357 -12829142
452 489 -400145704
36 205 785366280
341 357 139604704
472 205 970663616
142 489 -45962587
303 489 739381087
142 209 -79117432
121 142 254634612
121 422 -66412760
291 303 495613898
17 209 606293896
399 422 937905381
421 121 285422755
399 130 -17782172
130 172 258327073
399 87 -333485446
172 468 371161909
255 203 400681488
130 246 -66235285
54 246 827633334
423 255 -267363104
40 255 -136520479
40 64 -44282281
40 229 346538473
40 453 504830224
88 203 183665511
192 229 868578681
27 192 -294690026
430 229 -378811006
287 192 -698733629
323 88 658791043
333 287 -497546034
487 138 340499805
394 408 393752096
336 487 213119602
323 38 774476594
333 183 969261227
449 267 97645489
449 236 349018274
247 449 608285472
14 267 -487493322
14 11 -298257779
247 256 843033500
236 348 252633944
41 348 562646753
206 465 -662009854
415 11 -673085164
256 283 565941396
415 360 527100209
465 456 354124475
360 162 207484429
65 30 983563294
360 197 -522344207
162 223 50623600
398 463 898172216
420 206 544409485
343 344 634588333
344 239 883201837
413 267 -99598267
486 420 -601080323
486 442 -317911708
113 239 -379585766
445 408 967646416
170 113 -252627972
267 157 381790512
445 250 -296517039
488 157 -299282125
445 371 163794132
170 154 -247115276
157 140 -45741663
371 332 527995082
446 371 -150383043
332 401 -121852988
57 446 849265983
57 316 450503101
398 296 958137130
343 389 652587190
389 376 -610099318
408 163 804602769
206 190 -586656975
163 145 792864272
16 398 319561734
163 364 854509184
190 299 285526609
387 16 -110063678
37 364 -69458285
374 299 -104234577
30 324 -412701025
324 347 644314709
408 274 -205946010
23 374 578096159
374 220 607807551
464 23 70135152
274 325 681109975
166 464 829464969
464 118 375089138
425 220 472539995
464 432 -265762426
199 425 86546308
45 166 780543087
432 284 375657474
462 284 -502378519
462 35 854699535
219 35 -340306515
462 281 642699455
219 268 942960878
134 487 -86436736
281 492 -531912403
398 139 276514650
128 268 -394475740
471 433 -631218217
349 139 955412584
139 137 -655060059
165 471 -486025919
47 433 827974488
70 47 -201119979
49 165 711398449
9 47 116022618
144 9 15754323
308 47 889653478
155 433 276771187
144 339 862510703
433 181 375927405
30 159 -285302112
473 155 964353545
159 2 641377984
12 2 -342312622
230 30 -460943580
433 168 318066427
424 2 749741332
326 424 716500243
424 238 820571797
168 261 -500489592
200 398 338976294
388 408 -678658574
285 388 -219466611
334 285 -9925765
388 426 800781732
200 269 329039835
447 203 -505530617
285 208 -576305242
447 363 939703823
398 217 -381358705
447 380 503699239
206 58 -419422821
21 58 657951684
21 479 739959767
380 67 -635861893
58 441 570069601
146 479 892492392
441 231 -384256452
428 479 -630236913
441 262 633458166
177 146 754626821
262 248 -203441214
126 428 283938283
262 491 639035950
248 417 747113624
112 417 -463567748
29 491 139944638
112 22 710132352
124 22 949637385
408 125 839440902
482 112 166938432
124 4 -9084346
22 92 38304562
92 437 -375600267
487 484 -134271828
258 484 -68024133
4 81 774679891
109 437 950878637
254 437 873356997
254 379 -528626466
433 466 -63168428
270 81 -269167562
254 454 -489601789
408 90 -103122814
90 362 184115147
267 253 -635020053
454 321 541757720
253 271 139654432
243 253 -110507300
443 321 -564281826
227 271 -131522996
267 33 599014634
397 271 850194434
397 330 818200044
51 397 599093350
83 227 987369578
68 33 -581573992
458 203 -274470107
235 51 -126861716
408 350 952042215
68 106 -243975731
106 410 778845075
483 206 217705458
106 427 546129659
346 106 -400235028
312 346 -92231243
182 483 322406063
191 312 -325664539
346 46 -203107387
187 191 782247859
187 403 803781029
31 392 615812583
313 203 -151050496
313 212 794985960
82 187 733151051
207 203 -576365402
295 82 712627586
114 212 48240449
481 31 722115142
204 433 257354980
61 343 -421318014
99 61 -178596286
343 225 -266606383
225 97 -672737041
490 61 753257158
99 439 685832861
439 461 221442588
63 97 487686429
77 433 21747989
439 272 324307651
153 439 763436293
43 153 -146991201
153 42 316717428
32 42 413658720
32 444 347790283
276 32 -102137944
444 370 798034060
444 245 -233813117
167 32 -203877865
294 487 322364452
318 294 81197565
7 245 -71157756
96 318 178076861
460 7 724597457
73 294 -573061230
71 7 251105673
263 96 609711647
160 71 880971712
73 459 179527785
131 263 4319984
18 206 206728170
448 459 598952633
340 448 227095189
176 131 -411349443
406 340 834443532
210 448 355815595
260 210 606246134
375 260 -248910740
252 176 330151725
232 252 -522985608
232 411 -508803995
232 189 -484401181
34 232 857407074
252 111 -63768830
355 34 995348331
143 411 -625693876
355 469 19717878
469 278 549727883
278 435 453246707
44 435 -168714964
469 381 871058019
457 469 280436478
251 278 448040726
381 75 83118744
94 44 416884791
115 381 841765133
440 94 893414488
30 69 -75911045
75 358 -76669181
226 115 132201308
30 218 445907559
372 69 512375608
455 218 -450336687
455 306 -669715647
372 169 -689701250
414 218 961565683
455 5 -421670734
5 117 -261391059
369 169 -527616101
369 194 335376341
117 178 -162570584
123 5 -186154793
59 123 636777125
100 178 383372502
123 233 829161902
104 100 459566576
156 59 -505495765
59 298 -299369951
203 436 -138781281
298 302 484017608
436 211 458993162
298 74 971832846
164 436 403678289
436 352 48252582
211 304 192643768
249 74 -494394295
315 164 -661180912
164 378 168738534
327 378 -617270256
31 275 -102489478
315 93 -6393205
327 301 817605337
275 105 942233575
329 301 955948564
286 275 628083616
419 329 568563889
267 328 691407139
234 329 907617425
265 329 73220028
127 265 -693372304
429 31 -74130454
434 265 425887251
434 377 -531006825
429 107 412129531
373 377 -449115175
289 434 599467317
107 416 509215412
107 174 119794120
373 173 765247374
120 289 73611202
86 120 741193598
408 171 -182161396
407 86 906237920
173 1 -303006452
353 120 -407605126
135 407 -58318138
407 470 -408510381
95 398 177981245
1 180 988856241
279 206 -684660673
279 184 711353697
338 95 -497333246
338 393 16161478
398 290 566271757
24 343 403805776
451 398 -522181573
390 290 527335329
30 148 304954859
480 451 300293265
451 310 879362251
147 408 954736822
147 141 974289668
31 175 -565657798
342 175 -78453927
198 342 -74727542
141 337 60170406
62 203 129697945
361 342 895344358
493 198 -479034170
15 62 644880708
384 361 -600593683
26 384 868794318
280 15 888952584
15 72 658425454
305 26 -293025922
30 20 233199317
186 72 -605800065
405 31 843714610
487 478 -315767061
478 55 -4374095
201 55 -404577897
203 474 -440891927
359 405 592008137
478 19 823517921
55 133 514838309
391 474 -233152176
467 391 -160119516
311 391 365292769
19 116 411424368
116 214 224159124
391 242 3524372
368 242 812517253
30 78 13512283
396 242 180618799
78 221 773725908
30 161 -634554638
221 132 -291255949
91 161 -201348595
161 354 342192159
132 418 734392779
91 151 -684733120
431 132 -519253030
418 185 -698167331
102 185 299960007
477 102 -114145691
477 10 445348208
110 102 -609841417
477 309 24496386
277 309 750893333
398 13 -442814379
309 136 746256860
13 292 14527344
385 309 669447416
292 317 813406110
158 31 129472967
317 314 -139645143
80 385 682564105
80 293 234249129
149 487 -173719783
402 293 -597884937
293 386 -400097813
288 149 -442561119
402 79 804497090
56 402 -79444384
84 288 -317335800
101 288 832322947
119 203 433366425
79 400 400941483
400 25 -15356820
408 240 -650240653
152 119 626319610
240 196 -378178005
196 244 47676562
179 152 -151235646
335 244 -608528168
179 48 330866230
241 398 750999996
48 28 -351742234
28 224 48477818
48 450 -213725382
122 28 -287293848
28 39 577703135
213 224 -14189301
297 122 644203757
98 450 343791426
60 98 569071739
213 150 291902211
129 297 179228281
30 228 -272888761
412 98 -256054783
150 6 -464373575
85 412 930379397
6 395 -269654290
85 320 617587208
395 476 683220377
6 52 -163542813
476 404 603850427
356 203 -378327307
103 320 -657733265
52 382 -66794407
215 404 -50540387
382 3 55841831
103 273 35195842
408 307 464511856
307 345 622675509
300 215 -47984594
343 264 -272516417
264 282 489821539
365 307 -156673807
408 367 -602433285
282 237 739587537
264 216 414204437
398 66 138470526
319 367 170971581
438 203 369691604
257 319 986079875
